200 1
584305.2 
109085.3 
38319.61 
31699.26 
26672.78 
20864.72 
19788.62 
16620.23 
14363.9 
13431.02 
12364.08 
11911.49 
10334.12 
9379.532 
8832.639 
8599.852 
8122.091 
7551.323 
7014.122 
6650.695 
6092.971 
5905.433 
5378.155 
5237.038 
5139.243 
5112.654 
4887.006 
4519.064 
4482.975 
4400.051 
4109.986 
3940.7 
3842.106 
3712.894 
3627.49 
3613.859 
3423.948 
3318.72 
3293.388 
3174.243 
2978.995 
2889.182 
2854.65 
2816.011 
2720.364 
2613.548 
2583.68 
2492.134 
2408.374 
2372.538 
2321.475 
2249.022 
2187.878 
2111.682 
2078.868 
2028.204 
1960.437 
1934.059 
1876.59 
1856.936 
1810.776 
1754.167 
1709.289 
1678.137 
1640.409 
1610.057 
1591.402 
1589.572 
1555.297 
1519.403 
1489.681 
1472.593 
1447.127 
1442.929 
1417.053 
1391.821 
1356.593 
1334.216 
1298.751 
1291.016 
1275.821 
1270.657 
1247.674 
1221.765 
1187.407 
1178.636 
1149.702 
1125.205 
1122.562 
1093.831 
1073.444 
1061.668 
1049.141 
1037.387 
1007.31 
995.2567 
989.3808 
978.218 
966.9087 
943.9697 
923.4005 
904.4974 
894.1925 
873.3174 
867.5488 
859.7443 
857.7932 
841.6667 
832.6589 
822.6481 
804.5836 
800.2441 
784.7543 
774.7321 
769.7672 
759.1649 
744.6904 
742.2983 
735.5864 
725.3698 
715.2642 
712.182 
702.2406 
687.8409 
678.2583 
668.6772 
657.5052 
656.9524 
647.9501 
642.9942 
629.7085 
626.1647 
618.6584 
610.7528 
600.9665 
591.0303 
583.8046 
574.8827 
563.9948 
559.7065 
552.9542 
550.1317 
535.7713 
530.5677 
523.8007 
518.4877 
512.721 
510.416 
502.6344 
492.4171 
489.7113 
480.6538 
471.0169 
469.2812 
466.3673 
462.5698 
459.1726 
450.9648 
441.5507 
434.8365 
432.2527 
428.4893 
424.7701 
421.119 
414.2856 
407.3631 
402.602 
393.3066 
388.3358 
385.6514 
376.7173 
373.7028 
372.3136 
370.4676 
367.5633 
359.9675 
353.6588 
350.2283 
344.7967 
339.8962 
338.8773 
331.8481 
328.8693 
325.0314 
319.5272 
318.4128 
314.611 
312.9413 
309.9716 
305.3118 
298.2251 
297.5585 
293.7021 
291.7868 
288.7523 
286.202 
280.7705 
275.4762 
273.0671 
270.0081 
